function [P,Ptot]=calc_Power(Pin,Pr)
%pow1=[0.0434265318082102,0.769185008602957,0.187388459172414,4.16418798160920e-10]; %90度相位
pow1=[0.038 0.594 0.0924 0.2308 0.0448]; %180度相位
Ptot=Pin*0.92-Pr/0.92;
P=Ptot*pow1/1000;
