e=1.6*10^-19;
ee=8.85*10^-12;      %电介常数
M=2*1.67*10^-27;
m=9.1*10^-31;
c=299792458;
%w1=4.6*2*pi*10^9; %低杂波波源频率
